-95.712891	37.09024	USA	3118
104.195397	35.86166	CHINA	1493
2.213749	46.227638	FRANCE	1385
-1.1743197	52.3555177	ENGLAND	804
10.451526	51.165691	GERMANY	748
133.775136	-25.274398	AUSTRALIA	421
12.56738	41.87194	ITALY	421
-3.74922	40.463667	SPAIN	371
5.291266	52.132633	NETHERLANDS	340
-106.346771	56.130366	CANADA	323
78.96288	20.593684	INDIA	305
105.318756	61.52401	RUSSIA	305
138.252924	36.204824	JAPAN	292
9.501785	56.26392	DENMARK	215
8.468946	60.472024	NORWAY	191
120.960515	23.69781	TAIWAN	182
-51.92528	-14.235004	BRAZIL	160
127.766922	35.907757	SOUTH KOREA	150
-8.224454	39.399872	PORTUGAL	106
22.937506	-30.559482	SOUTH AFRICA	88
8.227512	46.818188	SWITZERLAND	79
174.885971	-40.900557	NEW ZEALAND	74
-4.2026458	56.4906712	SCOTLAND	71
21.824312	39.074208	GREECE	66
-63.616672	-38.416097	ARGENTINA	65
18.643501	60.128161	SWEDEN	62
-71.542969	-35.675147	CHILE	58
53.688046	32.427908	IRAN	56
15.472962	49.817492	CZECH REPUBLIC	52
101.975766	4.210484	MALAYSIA	52
113.921327	-0.789275	INDONESIA	50
35.243322	38.963745	TURKEY	49
14.550072	47.516231	AUSTRIA	48
-3.7837117	52.1306607	WALES	47
4.469936	50.503887	BELGIUM	39
19.145136	51.919438	POLAND	39
31.16558	48.379433	UKRAINE	39
-102.552784	23.634501	MEXICO	31
25.748151	61.92411	FINLAND	30
-7.6920536	53.1423672	IRELAND	26
165.618042	-20.904305	NEW CALEDONIA	25
45.079162	23.885942	SAUDI ARABIA	25
30.802498	26.820553	EGYPT	23
103.819836	1.352083	SINGAPORE	19
25.013607	58.595272	ESTONIA	18
34.851612	31.046051	ISRAEL	18
15.2	45.1	CROATIA	17
6.129583	49.815273	LUXEMBOURG	16
108.277199	14.058324	VIETNAM	15
25.48583	42.733883	BULGARIA	14
69.345116	30.375321	PAKISTAN	14
1.659626	28.033886	ALGERIA	13
-74.297333	4.570868	COLOMBIA	13
37.906193	-0.023559	KENYA	13
90.356331	23.684994	BANGLADESH	12
-75.015152	-9.189967	PERU	11
100.992541	15.870032	THAILAND	11
19.699024	48.669026	SLOVAKIA	9
-53.125782	3.933889	FRENCH GUIANA	8
-19.020835	64.963051	ICELAND	8
121.774017	12.879721	PHILIPPINES	8
24.96676	45.943161	ROMANIA	8
-1.023194	7.946527	GHANA	7
9.537499	33.886917	TUNISIA	7
53.847818	23.424076	United Arab Emirates	7
2.315834	9.30769	BENIN	6
12.354722	7.369722	CAMEROON	6
33.429859	35.126413	CYPRUS	6
74.766098	41.20438	KYRGYZSTAN	6
80.771797	7.873054	SRI LANKA	6
-66.58973	6.42375	VENEZUELA	6
21.758664	-4.038333	DEM REP CONGO	5
		FED REP GER	5
23.881275	55.169438	LITHUANIA	5
84.124008	28.394857	NEPAL	5
34.888822	-6.369028	TANZANIA	5
48.516388	15.552727	YEMEN	5
		CZECHOSLOVAKIA	4
40.489673	9.145	ETHIOPIA	4
66.923684	48.019573	KAZAKHSTAN	4
14.375416	35.937496	MALTA	4
-7.09262	31.791702	MOROCCO	4
8.675277	9.081999	NIGERIA	4
30.217636	12.862807	SUDAN	4
		USSR	4
27.953389	53.709807	BELARUS	3
-63.588653	-16.290154	BOLIVIA	3
-5.54708	7.539989	COTE IVOIRE	3
-78.183406	-1.831239	ECUADOR	3
11.609444	-0.803689	GABON	3
-42.604303	71.706936	GREENLAND	3
35.862285	33.854721	LEBANON	3
8.081666	17.607789	NIGER	3
38.996815	34.802075	SYRIA	3
-61.222503	10.691803	TRINIDAD TOBAGO	3
-55.765835	-32.522779	URUGUAY	3
47.576927	40.143105	AZERBAIJAN	2
-59.543198	13.193887	BARBADOS	2
24.684866	-22.328474	BOTSWANA	2
18.732207	15.454166	CHAD	2
-83.753428	9.748917	COSTA RICA	2
178.065032	-17.713371	FIJI	2
19.503304	47.162494	HUNGARY	2
24.603189	56.879635	LATVIA	2
35.529562	-18.665695	MOZAMBIQUE	2
-6.4923145	54.7877149	NORTH IRELAND	2
55.975413	21.4735329	OMAN	2
15.827659	-0.228021	REP CONGO	2
-14.452362	14.497401	SENEGAL	2
21.005859	44.016521	SERBIA	2
14.995463	46.151241	SLOVENIA	2
32.290275	1.373333	UGANDA	2
64.585262	41.377491	UZBEKISTAN	2
166.959158	-15.376706	VANUATU	2
17.873887	-11.202692	ANGOLA	1
104.990963	12.565679	CAMBODIA	1
-81.2546	19.3133	CAYMAN ISLANDS	1
-77.781167	21.521757	CUBA	1
-61.370976	15.414999	DOMINICA	1
-15.310139	13.443182	GAMBIA	1
-61.679	12.1165	GRENADA	1
-72.285215	18.971187	HAITI	1
114.1693611	22.3193039	HONG KONG	1
43.679291	33.223191	IRAQ	1
-77.297508	18.109581	JAMAICA	1
102.495496	19.85627	LAOS	1
46.869107	-18.766947	MADAGASCAR	1
34.301525	-13.254308	MALAWI	1
73.22068	3.202778	MALDIVES	1
-3.996166	17.570692	MALI	1
57.552152	-20.348404	MAURITIUS	1
7.4246158	43.7384176	MONACO	1
103.846656	46.862496	MONGOLIA	1
18.49041	-22.95764	NAMIBIA	1
134.58252	7.51498	PALAU	1
29.873888	-1.940278	RWANDA	1
