-77.016389	38.883056	914
2.2639934	48.8476037	828
2.3	48.9	707
116.3356321	39.9106327	629
1.4	43.6	517
1.4699399	43.5619586	498
-76.852344	38.99495	483
1.45	43.65	439
-118.1713944	34.2013081	431
-118.125269	34.1376576	409
-122.4	37.8	394
-77.932792	35.7588379	385
10.451526	51.165691	309
-95.712891	37.09024	258
2.213749	46.227638	253
-117.2340135	32.8800604	248
-105.2659417	40.007581	248
-105.2659417	40.007581	247
116.682386	40.408141	225
37.5778246	55.7107897	221
-97.7340567	30.2849185	207
7.1	50.75	204
-83.0304546	40.0066723	189
-3.68635	40.44105	184
-157.8226774	21.2965718	182
2.3	48.8	180
-97.7340567	30.2849185	179
-95.712891	37.09024	177
2.3403275	48.8505515	169
114.3643219	30.5360485	168
-76.9542002	39.0046189	164
-77	38.85	159
120.335301	36.061255	157
-77	38.9	153
-122.3320708	47.6062095	153
78.96288	20.593684	146
12.521381	55.7855742	146
-84.2984889	30.4418778	144
104.195397	35.86166	140
2.3318562	48.8555259	140
-76.9425543	38.9869183	140
77.5945627	12.971598	135
-157.8171118	21.296939	133
149.1310038	-35.2801903	132
-0.1308206	51.5229378	129
-0.1340401	51.5245592	126
12.4963655	41.9027835	122
-70.6711607	41.5242348	118
1.444209	43.604652	115
-1.3957594	50.9351092	115
4.3735766	52.0021919	112
72.518888	23.0277933	110
11.5678602	48.14966	108
114.30525	30.5927599	107
13.0641777	52.3826671	106
-95.712891	37.09024	106
-123.2794442	44.5637806	105
-75.6971931	45.4215296	102
8.5805155	53.5332554	101
-80.2746368	25.7178924	100
-2.6029792	51.4584172	99
-71.09416	42.360091	96
5.7694615	45.1936488	94
37.568428	55.676609	94
5.7672336	45.1915639	94
0.846371	49.284566	90
-3.74922	40.463667	89
-3.435973	55.378051	87
5.1757062	52.0851825	87
2.1157401	41.3892675	85
2.2639934	48.8476037	84
120.38299	36.0662299	84
2.5794293	39.6656493	83
113.304173	23.094085	83
139.649923	35.320171	81
-1.7809759	51.5583777	80
-118.4451811	34.068921	80
2.3634888	48.8433896	77
2.6446013	39.6395174	75
-4.5074935	48.3980619	73
-82.4138539	28.0587031	72
147.3247503	-42.9041118	72
116.407395	39.904211	68
18.4611991	-33.957652	68
-80.1621813	25.7346912	67
120.125188	35.99963	67
120.38299	36.0662299	66
9.9846195	53.5665641	64
118.756843	32.054204	63
2.3375911	48.8546371	63
2.1638661	41.3866724	61
-73.9625727	40.8075355	60
77.6736971	29.3568798	60
0.1312729	52.1950788	60
6.9602786	50.937531	59
151.2312675	-33.917347	59
77.2120814	28.6184547	58
-84.2984889	30.4418778	55
-4.5627205	48.3586887	55
5.7174215	45.190758	54
120.216945	22.9988945	54
7.0864528	50.7267806	54
-76.6205177	39.3299013	53
118.726956	32.20541	50
78.0440265	30.3407597	50
1.4782286	43.5718044	49
-95.712891	37.09024	49
139.761989	35.7126775	49
73.8021	15.4561	48
-0.9787475	51.4551201	48
120.9974969	24.7868862	48
5.3326131	60.3837737	47
116.3160877	39.9799664	47
-76.8741989	38.9931188	47
-96.3274199	30.6368023	47
-77.3654611	38.946714	47
-8.6156998	41.1465479	47
141.340013	43.0779575	46
-79.0469134	35.9049122	46
-105.2750307	39.9783179	45
13.7313505	51.0285861	45
7.2665923	43.7169134	45
-1.5550328	53.8066815	45
149.118527	-35.2776999	44
1.485814	43.5499092	44
-3.435973	55.378051	44
-76.8994536	39.1629332	43
-96.3364791	30.6187383	43
14.7801599	49.9100761	42
14.4142	50.0816138	42
2.3371558	48.8208602	42
126.9500385	37.4565095	42
130.4250445	33.6266584	41
2.3365123	48.8358925	41
-76.8282997	38.991578	41
121.43397	31.188408	41
-114.0718831	51.0447331	41
-58.3815591	-34.6036844	40
115.8944182	-32.0061951	40
78.96288	20.593684	40
7.2990726	43.7273925	40
0.1224815	52.2044026	40
-95.3422334	29.7199489	40
-95.3698028	29.7604267	40
151.7041775	-32.8927718	40
105.318756	61.52401	39
-73.7494865	42.6480051	39
116.3264439	39.9996674	39
-147.8424839	64.8580226	39
-106.346771	56.130366	38
-74.6550739	40.3430942	38
-9.158245	38.7526578	38
103.6385749	1.5593571	38
-83.7382241	42.2780436	38
-83.7382241	42.2780436	38
-71.5308537	41.4860647	38
2.110147	41.500581	37
-147.8335418	64.8557566	37
114.4024568	30.5160618	36
10.1796129	54.3279274	36
30.2989198	59.941894	36
118.097855	24.4373484	35
174.885971	-40.900557	34
2.1666978	48.7098718	34
-58.3730695	-34.5998875	34
5.3591227	43.2922073	33
-73.0341825	-36.8294765	33
2.5870786	48.8393595	33
11.354157	44.4962318	33
2.1960262	41.385197	32
116.387141	39.977962	32
-121.8740833	36.5971756	32
-1.6146608	54.9791871	32
5.3217549	60.3878586	32
-117.8442962	33.6404952	32
2.1959927	41.3851848	31
114.1798118	22.3042407	31
9.1735818	48.7815142	31
-83.4	33.9	31
22.9592224	40.6308283	30
-71.8	42.5	30
116.3662615	39.9619537	30
116.328066	39.952215	30
13.3269446	52.5125322	30
10.7217496	59.9399586	30
2.306	48.86	29
11.33	44.52	29
121.1952988	24.9681558	29
-4.1481041	50.3660902	29
121.497928	31.284416	29
-51.2207273	-30.0332408	29
144.960974	-37.7983459	29
-1.2543668	51.7548164	29
116.344527	39.984792	28
30.51	50.444	28
-74.44	40.5	28
-6.3004959	36.5376145	28
3.8488781	43.6338533	28
7.7521113	48.5734053	28
7.7521113	48.5734053	28
-3.1892413	55.9445158	28
51.3957307	35.7022192	28
-122.31	47.66	27
13.7628507	45.710556	27
9.97	53.56	27
-77.02	38.88	27
-95.2557961	38.9543439	27
10.1147022	54.3460549	27
-92.32	38.93	27
-0.9418157	51.4414205	27
144.95	-37.81	26
1.444209	43.604652	26
-105.0865487	40.5734148	26
2.1415644	48.799627	26
-71.15	41.7	26
8.62	49.86	25
37.5778246	55.7107897	25
129.07871	35.075769	25
121.5397518	25.0173405	25
-76.3058746	36.8853052	25
-46.7307891	-23.5613991	25
-79.0469134	35.9049122	25
-89.41	43.07	25
-1.1398564	52.6298398	24
-84.396285	33.7756178	24
77.5671423	13.0218597	24
12.51	41.82	24
-106.346771	56.130366	24
12.5144384	41.9037626	24
2.24	48.89	24
0.359864	46.657699	24
-119.848947	34.4139629	24
2.2	48.59	23
116.247391	40.219336	23
116.33	39.91	23
121.7757756	25.1505447	23
-75.7506114	39.6779504	23
-70.9370252	43.138948	23
-89.4124875	43.076592	23
-70.93	43.13	23
5.33	60.38	22
-73.9735038	40.7509381	22
2.34	48.84	22
87.3105311	22.3149274	22
78.96288	20.593684	22
37.5286695	55.7039349	22
8.468946	60.472024	22
4.05	51.48	22
-68.6688251	44.901867	22
-70.1474409	44.6675867	22
120.0864995	30.3086844	22
37.5778246	55.7107897	21
135.7808218	35.0262444	21
118.7789602	32.0568391	21
12.5724096	55.6802303	21
2.1038536	41.5021421	20
8.547628	47.3763889	20
-1.5208446	47.2822842	20
2.2003541	48.712841	20
116.33	39.91	20
121.665593	42.0246381	20
18.9486212	69.643708	20
1.5182197	43.5360879	20
8.6563329	49.8748438	20
-113.5263186	53.5232189	20
8.8520527	53.1067848	20
-122.0582093	36.9880503	20
-92.3277375	38.9403808	20
121.61	25.04	19
147.29	-43	19
31.2	30	19
114.42	30.51	19
11.33	44.52	19
-1.15	46.17	19
787.44	17.47	19
-71.08	42.33	19
5.178	52.1	19
-3.98	51.61	19
24.06	35.52	19
140.874074	38.253834	19
147.32	-42.88	18
-116.6652197	31.8675086	18
2.588	48.84	18
-79.46	43.78	18
8.9011038	44.4086615	18
140.1254479	36.0550149	18
-77.1945247	41.2033216	18
-78.66	35.79	18
-122.169719	37.4274745	18
-78.7889697	43.0008093	18
-110.9501094	32.2318851	18
1.2391761	52.6219215	18
-76.7100102	39.2542822	18
-123.3116935	48.4634067	18
1.3713667	43.5758543	17
104.195397	35.86166	17
3.1465215	50.6047327	17
-63.5916555	44.6365812	17
11.56696	48.1245122	17
-3.4735635	50.7264642	17
-71.1166601	42.3770029	17
10.4225619	53.4114775	17
2.2076606	48.7110505	17
14.2531103	40.8375178	17
116.3058739	39.986913	17
37.5940877	55.7376419	17
145.0389546	-37.8221504	17
-43.2234737	-22.8625345	17
5.559064	50.5830803	17
-98.6189053	29.5827351	17
2.3476575	48.8397733	16
116.2961632	39.8963134	16
22.937506	-30.559482	16
113.234217	35.241085	16
-76.3808799	37.0862472	16
-77.0305984	38.9922855	16
19.93	50.06	16
-122.6834236	45.5111471	16
18.0539722	59.3689079	16
-15.4198307	28.0992612	16
7.438119	46.9504896	16
12.56	55.71	15
24.96	60.2	15
-76.8620327	38.9685112	15
-45.8915658	-23.2198396	15
126.6468234	37.3684733	15
104.195397	35.86166	15
9.22	45.47	15
113.57666	22.2708599	15
-95.712891	37.09024	15
-2.965299	53.4047824	15
-72.5300515	42.3867598	15
-71.4025482	41.8267718	14
114.2067606	22.419625	14
14.3912841	50.1030364	14
8.63	45.8	14
8.6077877	45.8179029	14
-123.12	49.28	14
131.92	43.2	14
78.0440265	30.3407597	14
-9.138705	38.7368192	14
118.764947	32.054943	14
116.30114	39.9298599	14
-78.6820946	35.7846633	14
-77.8599084	40.7982133	14
-77.8653126	40.8147955	14
14.4511835	50.1679964	14
30.4083065	59.9214244	14
121.896556	30.883691	14
24.6710596	59.3959451	14
5.948429	49.504553	14
-97.1366259	49.8075008	14
-89.3334535	31.3298668	14
115.8180721	-31.9789061	14
-1.8882174	52.4868584	13
3.1465215	50.6047327	13
4.38	51.98	13
4.3566444	52.0089365	13
139.39	35.558	13
138.252924	36.204824	13
130.5442848	31.5699425	13
-106.287162	35.8440582	13
-52.73	47.57	13
114.397	30.5081999	13
129.0810047	35.2335123	13
117.029014	36.64893	13
-73.1239649	40.9047962	13
-90.87	32.3	13
-90.87	32.3	13
-95.712891	37.09024	13
-76.8	39.18	13
-81.0299186	33.9937575	13
-81.0299186	33.9937575	13
20.702786	53.8671117	13
121.406829	31.227667	12
6.91	43.66	12
-0.1748735	51.4988222	12
12.56738	41.87194	12
-2.7877294	54.0103942	12
116.385257	40.004439	12
103.7763939	1.2966426	12
121.4337784	31.0252201	12
113.298883	23.0965384	12
-0.5143161	38.3852446	12
-1.1246325	52.6211393	12
170.5144227	-45.8646835	12
-75.6971931	45.4215296	12
13.0119098	52.4010314	12
1.444209	43.604652	11
-71.1053991	42.3504997	11
-3.1788641	51.4866271	11
116.41	39.9966999	11
79.0714088	21.1224193	11
132.7744302	33.8528125	11
138.252924	36.204824	11
13.2934768	52.4543245	11
133.775136	-25.274398	11
1.4817304	43.5618099	11
37.5778246	55.7107897	11
7.4349936	46.9521621	11
29.0253401	41.1055941	11
8.4170303	49.0119199	11
12.5287294	55.714619	11
1.4779595	43.5715614	11
118.79647	32.0583799	11
-57.9512474	-34.9132765	11
12.5715788	55.6969496	11
18.0702566	59.3498706	11
37.580466	55.763643	11
116.3356321	39.9106327	11
2.63188	39.635778	11
-4.2306276	57.4710138	11
18.9712162	69.6798027	11
-117	46.7	11
-67.3328052	-8.7762242	11
-52.161541	-32.0680354	11
-0.6059053	44.8244914	11
-94.6858998	46.729553	11
-79.3958992	43.660928	11
114.2426218	30.5756202	11
-4.0638779	52.4182991	10
-121.42	38.56	10
18.17	40.35	10
108.956646	34.231185	10
116.3486774	39.9980197	10
-73.9492724	40.8200471	10
-76.4735027	42.4534492	10
78.5525987	17.413653	10
11.5777864	48.1410531	10
174.885971	-40.900557	10
15.4503768	47.0694191	10
110.2977249	21.1534008	10
118.76295	32.0607099	10
-96.5847249	39.1974437	10
39.2391473	21.4932675	10
-91.1800023	30.4132579	10
-91.1723302	30.4032262	10
118.79647	32.0583799	10
73.79	15.39	10
139.4089429	35.7124763	10
-121.8928326	36.5967697	10
10.7619658	59.6684913	10
-77.3634327	38.9493721	10
139.744358	35.664002	10
-76.8358141	38.9529975	10
113.26627	23.1317099	10
113.26436	23.1290799	10
-106.346771	56.130366	10
16.3684626	48.1986546	10
8.0256019	50.9107308	10
11.3838006	47.2633542	10
-93.2277285	44.97399	10
-96.7500993	32.9857619	10
17.6300093	59.8509005	10
126.938572	37.565784	10
3	36.77	9
16.3770558	48.2088977	9
-82.529758	40.769084	9
1.93	47.82	9
116.297231	39.91420105	9
2.355	48.86	9
11.5777864	48.1410531	9
26.6968501	58.3884611	9
119.2865017	26.0818505	9
12.58	55.69	9
35.2414009	31.7945578	9
2.3419445	48.8467972	9
72.9132679	19.1334302	9
9.97	53.56	9
1.5	43.555	9
5.3039502	60.3999761	9
39.104697	22.309465	9
135.2346263	34.7253129	9
9.89	57.06	9
151.11	-33.77	9
139.5369406	35.6754121	9
76.7084144	30.7242117	9
139.7441806	35.6636377	9
23.7318586	37.9877159	9
-81.3423908	28.5580465	9
-117.251156	32.8700747	9
-105.2718713	40.0080032	9
37.623233	55.739218	9
4.3595728	52.0171774	9
-82.1013889	39.324358	9
120.3373407	36.0648513	9
113.5687435	34.8145347	9
-71.6058406	-33.0444448	9
17.1174804	48.1545931	9
139.7486366	35.6268836	9
-49.2617658	-25.4269081	9
-1.673112	48.115746	9
103.0876196	5.4051765	9
-123.2459938	49.2606052	9
-3.5351475	50.7371369	9
9.7196989	52.3829641	9
-2.2338837	53.4668498	9
-66.085543	45.3063734	9
-1.1929996	52.9397827	9
153.0136905	-27.4975028	9
23.334946	42.6935966	9
		9
6.84979	52.2396538	9
12.6368665	43.723217	9
15.9699154	45.8106069	9
8.5509812	47.3743221	9
-111.8915264	40.4221415	9
-79.5018684	43.7734535	9
116.3356321	39.9106327	8
-97.2869433	37.7170936	8
118.8128989	31.970907	8
-4.1299873	53.2295205	8
21.0675461	52.2142485	8
11.9741617	57.6898004	8
-116.9655418	32.461251	8
1.4858565	43.5497494	8
-38.49224	-3.7384899	8
-72.2886935	43.7044406	8
1.9251107	48.9945651	8
4.8334497	45.7332787	8
		8
		8
72.8318529	19.0674227	8
1.4680904	43.5703326	8
-43.4188842	-22.9950466	8
146.7566603	-19.3258585	8
-76.9217851	38.971106	8
51.4127853	35.7627046	8
112.5620358	37.876968	8
-88.7943766	33.4551742	8
140.1338313	36.0612907	8
139.4881915	35.7081981	8
28.2763916	-25.7552391	8
121.5275484	25.0261656	8
-77.4886283	38.9728968	8
-122.2528496	37.8757689	8
-73.9964609	40.7295134	8
-71.0891717	42.3398067	8
-4.6404806	48.3477932	8
-123.0466648	48.0773255	8
121.5741979	31.2635716	8
-70.5861262	41.7298944	8
127.0736345	37.5518018	8
28.2478977	-25.7412773	8
113.99894	22.593969	8
-76.852344	38.99495	8
84.947513	56.4695	8
-3.8019739	43.471704	8
-38.5100127	-13.003676	8
6.014545	43.137653	8
-6.2254879	53.3064642	8
-87.5295915	33.2069851	8
-122.2585399	37.8718992	8
172.5794354	-43.5224836	8
11.8774462	45.406766	8
13.7183378	45.7037499	7
29.9130705	31.2105711	7
-93.2380004	44.9623932	7
106.7234745	-6.5540699	7
-111.6493156	40.2518435	7
31.7630444	41.4513768	7
-106.346771	56.130366	7
116.3056303	39.9302015	7
116.325226	39.94689	7
-72.2734744	43.7233713	7
-105.2225708	39.7510475	7
-1.5782029	54.7649859	7
72.5466727	23.0363768	7
-3.8726396	43.4529422	7
85.6762033	20.1438995	7
2.1689587	41.4366574	7
127.36039	36.3721427	7
126.8129979	33.5427176	7
-84.322373	46.503911	7
136.9682402	35.1538553	7
		7
25.6714865	-34.0009942	7
10.4020771	63.419499	7
16.8789965	41.1089715	7
-118.387937	33.914053	7
120.1398818	30.279581	7
37.5602941	55.6767347	7
126.993606	37.588227	7
117.176196	39.108067	7
-1.5550328	53.8066815	7
-99.1886248	19.3365296	7
-74.0840464	4.6381938	7
-47.8706311	-15.7631573	7
-48.1904985	-21.7926057	7
119.4885402	-5.1324973	7
6.6878053	49.7451094	7
-84.5149504	39.1329219	7
-83.3773221	33.9480053	7
11.971878	57.6981719	7
55.4852221	-20.9017358	7
-94.5777618	39.0333662	7
-8.5449726	42.8885225	7
-81.0299186	33.9937575	7
13.7947478	45.6595455	7
-80.5448576	43.4722854	7
13.351554	49.723644	7
105.8028413	21.0478842	7
-70.6434395	41.5495248	7
108.962256	34.234489	7
-118.4005782	34.0705025	7
-77.334603	38.952074	6
83.3228225	17.7242579	6
30.2330898	59.9465382	6
2.63188	39.635778	6
-96.3393574	30.6227993	6
		6
8.183124	53.1467333	6
		6
116.322928	39.930428	6
1.4858565	43.5497494	6
1.4858565	43.5497494	6
77.1894671	28.5382079	6
110.4372747	-7.0519533	6
-78.9382286	36.0014258	6
		6
9.043774	48.5294782	6
-84.2276114	43.6330436	6
-79.8995992	32.7513794	6
138.5699562	-35.0253003	6
121.5036178	31.2974197	6
32.8820176	39.9324059	6
114.2654655	22.3363998	6
91.6915834	26.1878083	6
2.2819178	48.8627234	6
112.7949253	-7.282356	6
37.6200313	55.7384383	6
31.2183344	30.0310611	6
104.2710584	52.2393135	6
46.3885121	38.0441879	6
37.5944577	55.7762288	6
1.4839233	43.5532188	6
32.780086	39.8898382	6
-77.0663713	38.9427977	6
-77.1389561	38.6905723	6
30.4854285	50.4488466	6
-76.5843847	39.3437959	6
-121.7876574	36.7943589	6
120.4728831	23.5633761	6
-79.4653912	43.7818446	6
31.3424888	29.8585515	6
-77.030449	38.9923487	6
-79.3777254	43.6479642	6
126.6403002	45.7240008	6
83.0943884	54.8477462	6
1.4793737	43.5623855	6
		6
-86.9211946	40.4237054	6
-86.9211946	40.4237054	6
-86.9211946	40.4237054	6
		6
120.428165	36.068847	6
144.9640061	-37.8084139	6
-77.3340802	38.6748726	6
28.1707337	-25.8906897	6
37.5778246	55.7107897	6
18.0539722	59.3689079	6
112.5229278	37.8612907	6
-85.5086374	36.1757592	6
		6
-94.4778033	37.0955676	6
-89.3334535	31.3298668	6
-70.6509277	-33.4445204	6
-4.4161391	36.7199495	6
-43.9677359	-19.870682	6
4.615875	50.6696767	6
-71.005401	41.6272497	6
-2.1015257	57.16476	6
-87.5391418	33.2140233	6
-82.3549302	29.6436325	6
-4.1395842	50.3758892	6
117.28059	31.821994	6
121.0651503	14.6549715	6
-111.8421021	40.7649368	6
174.7678789	-41.2901075	6
78.0129122	30.3286729	6
12.6201194	41.8550652	5
-81.6843218	36.2135628	5
-111.9280527	33.4242399	5
115.8158377	-31.9814504	5
82.9912582	25.2677203	5
-71.1684945	42.3355488	5
-75.7059627	45.3986882	5
18.639063	-33.9305085	5
112.93251	28.16437	5
106.8309259	-6.2648431	5
1.4817325	43.5617505	5
-3.7299424	40.4454368	5
-100.28954	25.6515649	5
		5
1.4817325	43.5617505	5
121.6645309	38.8796578	5
121.534699	38.868263	5
77.2269023	28.6837805	5
-97.0433571	32.879634	5
-94.3633249	38.9083776	5
6.5667576	46.5190557	5
-80.3768786	25.7561275	5
7.5067068	46.9331233	5
-77.305204	38.8471163	5
8.6677635	50.1270675	5
139.608389	35.261095	5
		5
-76.3343603	37.0228392	5
-77.246935	39.1793165	5
106.610356	-5.863424	5
2.1031187	48.8370198	5
-71.1273008	42.3631937	5
24.0151182	49.835758	5
-117.2503233	32.8681401	5
-105.2400119	40.0196293	5
11.3570121	44.5004273	5
116.031212	28.6785	5
127.7444707	37.8694561	5
49.1214349	55.790447	5
12.5842528	37.6539794	5
174.7741928	-41.2849728	5
13.5139647	43.6173812	5
-6.6011155	53.384478	5
37.5199434	55.9297243	5
37.7087429	55.7554695	5
5.332613	60.3837737	5
-1.5559578	47.2096125	5
103.6831347	1.3483099	5
103.6788074	1.3488647	5
-122.0631175	37.4149371	5
23.7786871	37.968196	5
-117.7361685	33.6409404	5
-60.6359993	-32.9503129	5
-90.2099194	38.5920154	5
-123.0466648	48.0773255	5
-80.6770842	28.2290492	5
-1.5614247	53.8044912	5
-119.8123508	39.5511949	5
		5
-79.6519849	34.1904251	5
-80.2453353	26.0800444	5
-119.2792298	46.3451404	5
-70.6399544	-33.4418068	5
11.6143835	48.1326565	5
8.5551818	47.4257682	5
15.9870591	45.8300113	5
-1.3159226	51.5726621	5
-77.0213921	38.8860146	5
		5
-117.2503233	32.8681401	5
-71.4094844	41.8249163	5
-96.6389474	40.8185877	5
-73.7496082	42.6480184	5
-106.346771	56.130366	5
139.6845382	35.6644893	5
139.6835302	35.6051229	5
9.7342639	4.0558562	5
-7.508983	40.277859	5
4.8656025	45.7795871	5
-0.363926	49.192806	5
15.309288	-4.419334	5
3.0753193	50.6314582	5
5.9175864	45.5667599	5
2.3705652	51.0377158	5
174.7691073	-36.8523378	5
-120.4224179	37.3660652	5
-81.2000599	28.6024274	5
33.3770175	35.1600014	5
17.1190477	60.6678633	5
-21.9518896	64.1396203	5
-91.5549771	41.6627078	5
25.7150496	66.4853375	5
-112.8601177	49.6786156	5
-76.137861	38.5849648	5
9.1945843	45.4601435	5
-97.1525862	33.207488	5
-96.794887	32.7817964	5
-71.2224013	46.8132529	5
12.6286762	41.8536401	5
-106.6313582	52.1334003	5
151.9312604	-27.602411	5
-0.5894664	51.2431429	5
121.0685049	14.6538817	5
150.87843	-34.4054039	5
17.034463	51.1140053	5
138.5735023	35.6778833	5
5.6657696	51.9845558	5
122.113923	30.034692	5
-90.345692	41.678133	4
-77.1086549	38.8787709	4
-72.3343068	43.4631144	4
55.4926503	25.3115602	4
117.0863499	32.7573499	4
80.2353768	13.0108831	4
80.2353768	13.0108831	4
144.9539435	-37.7975828	4
-80.0730498	26.7580823	4
-111.9280527	33.4242399	4
-111.9273829	40.43417	4
100.5406773	13.7712014	4
90.3926596	23.7265659	4
-97.1130573	31.5488923	4
116.3123886	39.9603704	4
31.1817431	30.4712578	4
-88.1242351	41.6671239	4
-95.4632742	29.7393613	4
14.4234889	50.0871106	4
127.3468684	36.3688253	4
-84.203535	33.9558452	4
-97.1326674	34.1740398	4
-3.5902299	37.1617806	4
-6.2101922	36.5321105	4
-8.7522039	42.2258078	4
-8.7009049	41.1773922	4
1.444209	43.604652	4
-95.8137392	36.0442099	4
-89.401081	43.075853	4
37.5778246	55.7107897	4
-3.2015281	55.8631707	4
-81.7917172	26.1540709	4
4.4057653	52.0961913	4
-117.027309	32.941471	4
37.6215989	55.7390385	4
-97.4257071	35.8768721	4
117.295572	31.847443	4
-3.3216711	55.9111604	4
30.4083065	59.9214244	4
80.2329	26.5123388	4
80.2336907	12.9914929	4
73.8054325	18.5373969	4
126.653488	37.4500221	4
-78.7836588	43.0090611	4
-123.4105954	48.5944725	4
2.315834	9.30769	4
-104.8114454	38.9351716	4
-91.1915585	30.4370179	4
1.474008	43.5655361	4
116.8003476	39.9521554	4
116.383493	39.977164	4
		4
107.6106591	-6.89148	4
-75.015152	-9.189967	4
51.3849365	35.7137814	4
2.1689587	41.4366574	4
-87.7767404	42.1120654	4
15.7238893	40.6014595	4
7.6416291	45.0173228	4
10.4209141	43.7190323	4
9.4281311	45.7058587	4
14.1833656	40.8195774	4
26.6432058	38.3190947	4
140.5696193	36.4636108	4
139.7197809	35.8010655	4
125.2850161	43.82572	4
-104.7280977	38.8166249	4
21.1237884	55.7245281	4
16.1972088	54.2036041	4
-123.2459938	49.2606052	4
103.8585624	36.0477699	4
104.2599578	52.2483871	4
68.2605962	25.4083847	4
-121.6050035	37.7968412	4
145.1349971	-37.9145125	4
3.854877	43.6172816	4
112.490087	32.976147	4
31.3818012	30.1294305	4
126.5178775	33.258533	4
80.2118563	12.9454952	4
120.2647299	22.6283384	4
121.3709602	24.9440905	4
-9.0617372	53.2791549	4
-76.7713321	39.1086634	4
76.3337538	10.0250538	4
-96.9995346	32.9126739	4
4.3711182	52.0079678	4
		4
-80.7866746	32.1251718	4
72.5434561	23.0355517	4
21.8736075	51.5506364	4
-8.5967887	41.1812781	4
7.6601247	45.0632841	4
-76.4951412	44.2252795	4
-95.4018312	29.7173941	4
-77.671866	43.0849643	4
-95.1258258	30.2865505	4
-96.9987682	32.8784056	4
		4
12.6814928	41.8119621	4
-58.3712539	-34.6516207	4
-123.112915	49.3127593	4
121.905446	30.874115	4
9.1437005	45.7261658	4
-97.4220787	35.4374791	4
-117.251156	32.8700747	4
-1.3159226	51.5726621	4
		4
-122.0595999	36.9980373	4
-78.2888349	44.3582062	4
-90.1203167	29.9407282	4
-79.9697147	39.6480359	4
-71.6327201	10.672366	4
-75.4466629	6.6582922	4
-25.6638011	37.7459979	4
-34.9507155	-8.0517328	4
1.9338958	47.8450758	4
10.146268	36.829309	4
2.4436509	48.788159	4
101.6538414	3.1209046	4
138.6062277	-34.920603	4
-87.5987133	41.7886079	4
11.0045507	49.5978804	4
-4.2900009	55.8724256	4
114.1365621	22.2830891	4
-117.0126084	46.7288124	4
14.4847432	35.90232	4
11.5802362	48.1504827	4
-123.0726055	44.0448302	4
-79.960835	40.4443533	4
-66.0494519	18.4026627	4
14.7907155	40.7713104	4
-71.9292831	45.3778253	4
26.7198659	58.3810843	4
-80.4234167	37.2283843	4
4.8657199	52.3337568	4
80.2470088	12.9878814	3
19.8458096	50.0694346	3
117.168901	31.900078	3
37.5601134	6.0652669	3
149.1661406	-35.2917997	3
		3
-63.6107262	44.6829815	3
116.3538668	40.0109399	3
-83.6300826	41.3797788	3
-120.6624942	35.3050053	3
-77.0627735	38.9587952	3
		3
-118.1524392	34.1486632	3
112.916326	28.21299	3
140.0209939	35.6887564	3
140.1031276	35.6277755	3
116.3230471	39.9601469	3
		3
-82.588141	35.5785316	3
13.2838807	43.2095202	3
-71.8245381	42.2520353	3
-80.6489808	28.5728722	3
-80.420204	37.2297474	3
-75.191974	39.9563826	3
1.4858565	43.5497494	3
-74.1503817	40.6021388	3
16.3886947	43.5081996	3
-95.9034673	36.1508543	3
-3.6170855	37.1407059	3
121.529021	38.880381	3
-58.4423923	-34.5411788	3
36.9609217	-0.3978314	3
-1.3129903	51.5760138	3
-96.3366332	30.6176709	3
-119.800752	39.5730245	3
8.7478927	50.1026545	3
6.0238954	50.798697	3
12.4934546	55.8714534	3
15.9694888	45.7924916	3
-6.2456376	53.3313415	3
115.868403	28.739638	3
11.3543052	47.2578367	3
24.7410182	59.4367828	3
-104.9850766	39.7345184	3
-57.9331637	-34.9083644	3
24.5457767	60.161001	3
3.0753193	50.6314582	3
11.5896707	50.9294302	3
119.2965899	26.0998199	3
110.3774998	-7.7713847	3
-77.0722585	38.9076089	3
		3
3.7253383	51.0246858	3
113.339964	23.181098	3
110.316379	25.280923	3
112.9160409	27.9049327	3
-73.9645291	40.7678398	3
50.668945	41.934977	3
-87.9521309	41.982525	3
82.9893735	25.2623247	3
77.1927679	28.545718	3
-8.595407	41.1794292	3
1.4658639	43.5617291	3
		3
-122.1786215	37.4283815	3
108.887304	34.228672	3
-77.6291956	43.125549	3
-58.5233161	-34.5809374	3
-58.440696	-34.5447362	3
85.323476	27.64645	3
7.4349936	46.9521621	3
16.35857	48.0683207	3
11.2004703	43.8177072	3
10.4248623	43.7182358	3
126.5620301	33.4558924	3
117.184271	34.198426	3
		3
37.0117169	-1.0911971	3
-96.5516654	33.1716079	3
-73.9712377	40.7514903	3
126.5178775	33.258533	3
4.7002953	50.8779545	3
102.682988	25.023088	3
-71.2747424	46.7817463	3
-121.7058752	37.6869634	3
-91.7033744	41.9631599	3
121.358532	37.517142	3
-99.6536481	49.1929659	3
-70.6711607	41.5242348	3
40.1077454	44.6033627	3
-73.5771511	45.5047847	3
174.8685719	-37.8004808	3
-74.0006396	40.7620042	3
116.358291	39.885907	3
-77.3202056	25.0744266	3
-121.788184	36.8017383	3
		3
-77.0192927	38.8966093	3
77.3598937	28.62492	3
120.675326	24.123552	3
-57.5322247	-38.0316646	3
87.2931383	23.5476717	3
-77.1044597	39.0027771	3
121.561609	29.803449	3
125.399287	44.001519	3
-111.6539683	35.1804402	3
-87.675267	42.0564594	3
		3
-73.538368	41.057635	3
95.4286496	27.472643	3
-0.7090258	52.0252055	3
-76.8813861	38.9921693	3
-77.4565301	38.8865099	3
13.0642447	52.3806053	3
118.829514	32.065927	3
-71.3957168	42.0563624	3
120.151036	36.252086	3
-96.723648	43.550045	3
-77.4448865	39.0021832	3
-122.717174	38.4437033	3
6.4048035	50.9052562	3
-83.7376197	42.2843978	3
26.5163135	-33.3135911	3
4.3587988	50.7986591	3
-122.4799405	37.7241492	3
-76.8282997	38.991578	3
-120.9523663	38.6485066	3
-100.311732	25.775949	3
114.05956	22.5428599	3
37.3595732	55.6977407	3
110.2977249	21.1534008	3
104.0535522	30.6974069	3
2.1316973	41.4151096	3
-75.3907667	42.1661543	3
116.365889	39.961434	3
13.3408775	50.9181269	3
24.9361303	60.1989777	3
35.8072902	35.5226306	3
-2.7868413	54.0092729	3
-73.6183991	45.497399	3
-105.1477593	40.5876246	3
2.3122884	6.4132594	3
-76.9425543	38.9869183	3
2.1157401	41.3892675	3
-149.6099747	-17.5765478	3
-91.7756271	37.9537078	3
-115.469044	32.6632392	3
-8.6845784	42.1697632	3
		3
-59.9765537	-3.1002387	3
-49.2614624	-16.6062069	3
-54.064346	-31.3064276	3
-35.2005854	-5.8407114	3
12.3263858	45.4345385	3
101.5036726	3.069724	3
-8.4920705	51.893486	3
26.5689887	39.0851185	3
81.8594275	25.4669611	3
-2.9706058	43.3314059	3
-121.7617125	38.5382322	3
149.0842616	-35.23843	3
-72.2539805	41.8077414	3
-2.9821428	56.4582447	3
104.1021662	30.6624863	3
11.6262692	44.8334299	3
7.8459496	47.9935441	3
-0.1962244	5.650562	3
9.9374005	51.5408116	3
-3.5966277	37.1935017	3
6.5629872	53.2192634	3
51.6659656	32.6538966	3
101.7013584	3.1592707	3
30.9807272	-29.8674219	3
-76.6261136	39.2891716	3
-71.0365307	42.3142075	3
-113.9852081	46.8600672	3
		3
-1.16938	38.018751	3
36.8159447	-1.2794987	3
14.2568226	40.8466303	3
-86.2387627	41.6991133	3
13.3691635	38.1183072	3
127.7684078	26.2516868	3
14.7777165	41.1315063	3
-5.9912307	37.3807579	3
-1.4884229	53.3813502	3
-2.7942674	56.3417136	3
46.329399	38.0633969	3
151.2004942	-33.8832376	3
9.93526	49.7881814	3
-77.0178932	38.8228267	3
-111.8097425	41.745161	3
105.5132734	20.9963415	3
-85.6146739	42.2826709	3
-88.6285548	44.869994	3
17.064267	51.111423	3
108.983693	34.250803	3
-76.9366399	38.85183	3
87.5652865	43.8646492	3
-72.9223431	41.3163244	3
-75.6312135	40.0684146	3
113.53581	34.808071	3
