coun	Longitude	Latitude	num
USA	-95.712891	37.09024	3118
CHINA	104.195397	35.86166	1493
FRANCE	2.213749	46.227638	1385
ENGLAND	-1.1743197	52.3555177	804
GERMANY	10.451526	51.165691	748
AUSTRALIA	133.775136	-25.274398	421
ITALY	12.56738	41.87194	421
SPAIN	-3.74922	40.463667	371
NETHERLANDS	5.291266	52.132633	340
CANADA	-106.346771	56.130366	323
INDIA	78.96288	20.593684	305
RUSSIA	105.318756	61.52401	305
JAPAN	138.252924	36.204824	292
DENMARK	9.501785	56.26392	215
NORWAY	8.468946	60.472024	191
TAIWAN	120.960515	23.69781	182
BRAZIL	-51.92528	-14.235004	160
SOUTH KOREA	127.766922	35.907757	150
PORTUGAL	-8.224454	39.399872	106
SOUTH AFRICA	22.937506	-30.559482	88
SWITZERLAND	8.227512	46.818188	79
NEW ZEALAND	174.885971	-40.900557	74
SCOTLAND	-4.2026458	56.4906712	71
GREECE	21.824312	39.074208	66
ARGENTINA	-63.616672	-38.416097	65
SWEDEN	18.643501	60.128161	62
CHILE	-71.542969	-35.675147	58
IRAN	53.688046	32.427908	56
CZECH REPUBLIC	15.472962	49.817492	52
MALAYSIA	101.975766	4.210484	52
INDONESIA	113.921327	-0.789275	50
TURKEY	35.243322	38.963745	49
AUSTRIA	14.550072	47.516231	48
WALES	-3.7837117	52.1306607	47
BELGIUM	4.469936	50.503887	39
POLAND	19.145136	51.919438	39
UKRAINE	31.16558	48.379433	39
MEXICO	-102.552784	23.634501	31
FINLAND	25.748151	61.92411	30
IRELAND	-7.6920536	53.1423672	26
NEW CALEDONIA	165.618042	-20.904305	25
SAUDI ARABIA	45.079162	23.885942	25
EGYPT	30.802498	26.820553	23
SINGAPORE	103.819836	1.352083	19
ESTONIA	25.013607	58.595272	18
ISRAEL	34.851612	31.046051	18
CROATIA	15.2	45.1	17
LUXEMBOURG	6.129583	49.815273	16
VIETNAM	108.277199	14.058324	15
BULGARIA	25.48583	42.733883	14
PAKISTAN	69.345116	30.375321	14
ALGERIA	1.659626	28.033886	13
COLOMBIA	-74.297333	4.570868	13
KENYA	37.906193	-0.023559	13
BANGLADESH	90.356331	23.684994	12
PERU	-75.015152	-9.189967	11
THAILAND	100.992541	15.870032	11
SLOVAKIA	19.699024	48.669026	9
FRENCH GUIANA	-53.125782	3.933889	8
ICELAND	-19.020835	64.963051	8
PHILIPPINES	121.774017	12.879721	8
ROMANIA	24.96676	45.943161	8
GHANA	-1.023194	7.946527	7
TUNISIA	9.537499	33.886917	7
United Arab Emirates	53.847818	23.424076	7
BENIN	2.315834	9.30769	6
CAMEROON	12.354722	7.369722	6
CYPRUS	33.429859	35.126413	6
KYRGYZSTAN	74.766098	41.20438	6
SRI LANKA	80.771797	7.873054	6
VENEZUELA	-66.58973	6.42375	6
DEM REP CONGO	21.758664	-4.038333	5
LITHUANIA	23.881275	55.169438	5
NEPAL	84.124008	28.394857	5
TANZANIA	34.888822	-6.369028	5
YEMEN	48.516388	15.552727	5
ETHIOPIA	40.489673	9.145	4
KAZAKHSTAN	66.923684	48.019573	4
MALTA	14.375416	35.937496	4
MOROCCO	-7.09262	31.791702	4
NIGERIA	8.675277	9.081999	4
SUDAN	30.217636	12.862807	4
BELARUS	27.953389	53.709807	3
BOLIVIA	-63.588653	-16.290154	3
COTE IVOIRE	-5.54708	7.539989	3
ECUADOR	-78.183406	-1.831239	3
GABON	11.609444	-0.803689	3
GREENLAND	-42.604303	71.706936	3
LEBANON	35.862285	33.854721	3
NIGER	8.081666	17.607789	3
SYRIA	38.996815	34.802075	3
TRINIDAD TOBAGO	-61.222503	10.691803	3
URUGUAY	-55.765835	-32.522779	3
AZERBAIJAN	47.576927	40.143105	2
BARBADOS	-59.543198	13.193887	2
BOTSWANA	24.684866	-22.328474	2
CHAD	18.732207	15.454166	2
COSTA RICA	-83.753428	9.748917	2
FIJI	178.065032	-17.713371	2
HUNGARY	19.503304	47.162494	2
LATVIA	24.603189	56.879635	2
MOZAMBIQUE	35.529562	-18.665695	2
NORTH IRELAND	-6.4923145	54.7877149	2
OMAN	55.975413	21.4735329	2
REP CONGO	15.827659	-0.228021	2
SENEGAL	-14.452362	14.497401	2
SERBIA	21.005859	44.016521	2
SLOVENIA	14.995463	46.151241	2
UGANDA	32.290275	1.373333	2
UZBEKISTAN	64.585262	41.377491	2
VANUATU	166.959158	-15.376706	2
ANGOLA	17.873887	-11.202692	1
CAMBODIA	104.990963	12.565679	1
CAYMAN ISLANDS	-81.2546	19.3133	1
CUBA	-77.781167	21.521757	1
DOMINICA	-61.370976	15.414999	1
GAMBIA	-15.310139	13.443182	1
GRENADA	-61.679	12.1165	1
HAITI	-72.285215	18.971187	1
HONG KONG	114.1693611	22.3193039	1
IRAQ	43.679291	33.223191	1
JAMAICA	-77.297508	18.109581	1
LAOS	102.495496	19.85627	1
MADAGASCAR	46.869107	-18.766947	1
MALAWI	34.301525	-13.254308	1
MALDIVES	73.22068	3.202778	1
MALI	-3.996166	17.570692	1
MAURITIUS	57.552152	-20.348404	1
MONACO	7.4246158	43.7384176	1
MONGOLIA	103.846656	46.862496	1
NAMIBIA	18.49041	-22.95764	1
PALAU	134.58252	7.51498	1
RWANDA	29.873888	-1.940278	1
